# Created by Octave 4.2.2, Wed Dec 02 12:05:23 2020 CET <wohlrath@yumyumpc>
# name: anisotropy
# type: matrix
# rows: 3601
# columns: 2 (phiH, phiM)
 0 -1.96452787263713
 0.1 -1.815102085033814
 0.2 -1.66553506722883
 0.3 -1.515833391427488
 0.4 -1.366005514345554
 0.5 -1.216057145739361
 0.6000000000000001 -1.065995867469801
 0.7000000000000001 -0.9158288521583132
 0.8 -0.7655635663640817
 0.9 -0.6152072490826442
 1 -0.4647672774737329
 1.1 -0.314251099088517
 1.2 -0.1636661886494312
 1.3 -0.01302003898422597
 1.4 0.1376798591565039
 1.5 0.288424689401836
 1.6 0.4392100576826277
 1.7 0.5900242830974407
 1.8 0.7408636625226375
 1.9 0.8917179294750601
 2 1.042580148578663
 2.1 1.193442592057053
 2.2 1.344297442357663
 2.3 1.495137482022194
 2.4 1.645955463266546
 2.5 1.796743509501968
 2.6 1.94749271772878
 2.7 2.098197258729589
 2.8 2.248848963695946
 2.9 2.399440455203615
 3 2.549964205106566
 3.1 2.700412879938363
 3.2 2.85077910424272
 3.3 3.001055608058103
 3.4 3.151234533875915
 3.5 3.301310523336742
 3.6 3.451274738797844
 3.7 3.601120705342075
 3.8 3.750841394162252
 3.9 3.900429697939074
 4 4.049879450697262
 4.100000000000001 4.19918323214173
 4.2 4.3483350264569
 4.3 4.497327823345726
 4.4 4.646155587338813
 4.5 4.7948112795425
 4.600000000000001 4.943289180827895
 4.7 5.091583202106484
 4.800000000000001 5.239686875446945
 4.9 5.387593847750447
 5 5.535299682415326
 5.100000000000001 5.682797147419624
 5.2 5.83008241088648
 5.300000000000001 5.977147339067903
 5.4 6.123988466425216
 5.5 6.270601249160029
 5.600000000000001 6.41697824843627
 5.7 6.563115723245427
 5.800000000000001 6.709008131105611
 5.9 6.854651331264644
 6 7.000040113111474
 6.100000000000001 7.145170223107582
 6.2 7.290036982948072
 6.300000000000001 7.434636089567785
 6.4 7.578962983818207
 6.5 7.723014483717032
 6.600000000000001 7.866785706377316
 6.7 8.010273141923614
 6.800000000000001 8.153473487415665
 6.9 8.296382318876606
 7 8.43899724798831
 7.100000000000001 8.58131378308652
 7.2 8.723329173211942
 7.300000000000001 8.865040284688892
 7.4 9.006443952642009
 7.5 9.147537864577618
 7.600000000000001 9.288318310878376
 7.7 9.428783184472387
 7.800000000000001 9.568929921282081
 7.9 9.708756018754581
 8 9.848259360300633
 8.1 9.98743711720436
 8.200000000000001 10.12628801146311
 8.300000000000001 10.26480880636988
 8.4 10.40299937859317
 8.5 10.5408566550079
 8.6 10.67837922136582
 8.700000000000001 10.81556603032855
 8.800000000000001 10.95241419642718
 8.9 11.0889239654426
 9 11.22509278477084
 9.1 11.3609205381168
 9.200000000000001 11.49640513205666
 9.300000000000001 11.63154626446155
 9.4 11.76634283579063
 9.5 11.90079372434743
 9.600000000000001 12.03489811734302
 9.700000000000001 12.16865612035597
 9.800000000000001 12.30206652961752
 9.9 12.43512877316021
 10 12.56784348282437
 10.1 12.70020781895141
 10.2 12.83222409803271
 10.3 12.96389084993689
 10.4 13.0952082138289
 10.5 13.22617623425772
 10.6 13.35679493411755
 10.7 13.48706404381119
 10.8 13.61698431348978
 10.9 13.74655501188637
 11 13.8757772389269
 11.1 14.00465094088852
 11.2 14.13317661781971
 11.3 14.26135470685848
 11.4 14.38918560338994
 11.5 14.51667010198704
 11.6 14.6438081513339
 11.7 14.7706010328203
 11.8 14.89704953532059
 11.9 15.02315345436918
 12 15.14891505441955
 12.1 15.27433318449703
 12.2 15.39941096731505
 12.3 15.52414693031005
 12.4 15.64854461516518
 12.5 15.77260259614543
 12.6 15.89632289631731
 12.7 16.019706957417
 12.8 16.14275591044794
 12.9 16.26547050785082
 13 16.38785149109015
 13.1 16.50990039659388
 13.2 16.63161834689144
 13.3 16.75300693788709
 13.4 16.87406702646145
 13.5 16.9948001570373
 13.6 17.11520744280742
 13.7 17.23529031154808
 13.8 17.35505018931256
 13.9 17.47448840985331
 14 17.59360657869839
 14.1 17.7124045474322
 14.2 17.83088736749677
 14.3 17.94905330484739
 14.4 18.06690471945754
 14.5 18.18444307346158
 14.6 18.3016699551777
 14.7 18.41858698521967
 14.8 18.53519550993468
 14.9 18.65149728742633
 15 18.76749343138391
 15.1 18.8831858882334
 15.2 18.99857632615104
 15.3 19.11366623198411
 15.4 19.22845710007754
 15.5 19.342950481052
 15.6 19.45714809816848
 15.7 19.571051625181
 15.8 19.68466259267665
 15.9 19.79798241074211
 16 19.91101345938627
 16.1 20.02375665063952
 16.2 20.13621388619618
 16.3 20.24838674338165
 16.4 20.36027696251089
 16.5 20.47188610117734
 16.6 20.58321600963146
 16.7 20.69426812269013
 16.8 20.80504428087345
 16.9 20.915546032807
 17 21.02577508963082
 17.1 21.13573306172064
 17.2 21.24542173078933
 17.3 21.35484258873349
 17.4 21.46399753892118
 17.5 21.5728880401293
 17.6 21.68151580376968
 17.7 21.78988248318302
 17.8 21.89798975480053
 17.9 22.00583938084079
 18 22.11343286063332
 18.1 22.22077185889887
 18.2 22.32785824301912
 18.3 22.43469311920187
 18.4 22.54127864967664
 18.5 22.64761636437497
 18.6 22.75370770890262
 18.7 22.85955450465401
 18.8 22.96515834627486
 18.9 23.07052069354653
 19 23.1756433589116
 19.1 23.28052786058866
 19.2 23.38517584817406
 19.3 23.4895888186211
 19.4 23.59376847495104
 19.5 23.69771636592485
 19.6 23.80143404893788
 19.7 23.9049231833508
 19.8 24.00818524070975
 19.9 24.11122184305268
 20 24.21403452957006
 20.1 24.31662491817346
 20.2 24.41899440911985
 20.3 24.52114456640128
 20.4 24.62307719578394
 20.5 24.72479362862747
 20.6 24.82629542598407
 20.7 24.9275836426222
 20.8 25.0286604056181
 20.9 25.12952704755681
 21 25.23018486119274
 21.1 25.33063576654791
 21.2 25.43088076534074
 21.3 25.53092171473217
 21.4 25.6307594045828
 21.5 25.73039667302026
 21.6 25.8298337762233
 21.7 25.92907174024713
 21.8 26.02811336262662
 21.9 26.12695935518735
 22 26.22561108712622
 22.1 26.32407023427826
 22.2 26.42233805897716
 22.3 26.52041592709831
 22.4 26.61830530397451
 22.5 26.71600834868754
 22.6 26.81352482073659
 22.7 26.91085611278177
 22.8 27.00800525608537
 22.9 27.10497312476461
 23 27.20175981217842
 23.1 27.29836863413225
 23.2 27.39479835186852
 23.3 27.4910526624086
 23.4 27.58713186175087
 23.5 27.68303795677995
 23.6 27.77877107595373
 23.7 27.87433257779916
 23.8 27.96972484157891
 23.9 28.06494859538521
 24 28.16000560453257
 24.1 28.25489634159626
 24.2 28.34962194629528
 24.3 28.44418414463623
 24.4 28.53858411853037
 24.5 28.63282343360924
 24.6 28.72690285638603
 24.7 28.82082421316194
 24.8 28.91458772174356
 24.9 29.00819533749435
 25 29.10164826284052
 25.1 29.1949472973254
 25.2 29.28809392652669
 25.3 29.38108902760791
 25.4 29.47393414790772
 25.5 29.56663033578637
 25.6 29.65917874722319
 25.7 29.75158067467758
 25.8 29.84383666612041
 25.9 29.93594882893935
 26 30.02791755196856
 26.1 30.11974418816292
 26.2 30.21142979299815
 26.3 30.30297565818572
 26.4 30.39438287866265
 26.5 30.4856523866254
 26.6 30.57678536610947
 26.7 30.66778276715823
 26.8 30.75864615705248
 26.9 30.84937590770119
 27 30.93997379138604
 27.1 31.03044033560585
 27.2 31.12077693129713
 27.3 31.21098445034796
 27.4 31.30106418625212
 27.5 31.39101662601265
 27.6 31.48084338648501
 27.7 31.57054523773633
 27.8 31.66012327943345
 27.9 31.74957850401705
 28 31.83891192559052
 28.1 31.92812455085608
 28.2 32.01721725909417
 28.3 32.10619141227596
 28.4 32.19504755761167
 28.5 32.28378702629922
 28.6 32.37241058381136
 28.7 32.460919230108
 28.8 32.54931412993739
 28.9 32.63759609679278
 29 32.72576573013946
 29.1 32.81382456361492
 29.2 32.90177330086772
 29.3 32.98961291665641
 29.4 33.07734427772336
 29.5 33.16496839325688
 29.6 33.25248620692498
 29.7 33.33989850171114
 29.8 33.42720633344609
 29.9 33.51441059669654
 30 33.60151210700598
 30.1 33.68851188249756
 30.2 33.77541076370499
 30.3 33.8622095648993
 30.4 33.94890930640576
 30.5 34.03551072347902
 30.6 34.12201505724872
 30.7 34.20842220775805
 30.8 34.29473401382437
 30.9 34.38095148584929
 31 34.46707545228816
 31.1 34.55310559587391
 31.2 34.63904384468006
 31.3 34.72489095664606
 31.4 34.81064744684168
 31.5 34.89631418775886
 31.6 34.98189200308988
 31.7 35.06738184548536
 31.8 35.15278493407687
